{"metadata":{"kernelspec":{"language":"python","display_name":"Python 3","name":"python3"},"language_info":{"name":"python","version":"3.10.12","mimetype":"text/x-python","codemirror_mode":{"name":"ipython","version":3},"pygments_lexer":"ipython3","nbconvert_exporter":"python","file_extension":".py"},"kaggle":{"accelerator":"gpu","dataSources":[{"sourceId":276,"sourceType":"datasetVersion","datasetId":134}],"dockerImageVersionId":30558,"isInternetEnabled":true,"language":"python","sourceType":"notebook","isGpuEnabled":true}},"nbformat_minor":4,"nbformat":4,"cells":[{"cell_type":"code","source":"# This Python 3 environment comes with many helpful analytics libraries installed\n# It is defined by the kaggle/python Docker image: https://github.com/kaggle/docker-python\n# For example, here's several helpful packages to load\n\nimport numpy as np # linear algebra\nimport pandas as pd # data processing, CSV file I/O (e.g. pd.read_csv)\nimport matplotlib.pyplot as plt\nimport seaborn as sns\n\n# Input data files are available in the read-only \"../input/\" directory\n# For example, running this (by clicking run or pressing Shift+Enter) will list all files under the input directory\n\nfrom sklearn.metrics import confusion_matrix\n\nimport os\nfor dirname, _, filenames in os.walk('/kaggle/input'):\n    for filename in filenames:\n        print(os.path.join(dirname, filename))\n\n# You can write up to 20GB to the current directory (/kaggle/working/) that gets preserved as output when you create a version using \"Save & Run All\" \n# You can also write temporary files to /kaggle/temp/, but they won't be saved outside of the current session","metadata":{"_uuid":"8f2839f25d086af736a60e9eeb907d3b93b6e0e5","_cell_guid":"b1076dfc-b9ad-4769-8c92-a6c4dae69d19","execution":{"iopub.status.busy":"2024-06-25T07:22:41.447253Z","iopub.execute_input":"2024-06-25T07:22:41.447593Z","iopub.status.idle":"2024-06-25T07:22:43.171940Z","shell.execute_reply.started":"2024-06-25T07:22:41.447564Z","shell.execute_reply":"2024-06-25T07:22:43.170820Z"},"trusted":true},"execution_count":1,"outputs":[{"name":"stderr","text":"/opt/conda/lib/python3.10/site-packages/scipy/__init__.py:146: UserWarning: A NumPy version >=1.16.5 and <1.23.0 is required for this version of SciPy (detected version 1.23.5\n  warnings.warn(f\"A NumPy version >={np_minversion} and <{np_maxversion}\"\n","output_type":"stream"},{"name":"stdout","text":"/kaggle/input/voicegender/voice.csv\n","output_type":"stream"}]},{"cell_type":"code","source":"data = pd.read_csv('/kaggle/input/voicegender/voice.csv')\ndata.head()","metadata":{"execution":{"iopub.status.busy":"2024-06-25T07:22:43.173494Z","iopub.execute_input":"2024-06-25T07:22:43.173884Z","iopub.status.idle":"2024-06-25T07:22:43.251676Z","shell.execute_reply.started":"2024-06-25T07:22:43.173857Z","shell.execute_reply":"2024-06-25T07:22:43.250599Z"},"trusted":true},"execution_count":2,"outputs":[{"execution_count":2,"output_type":"execute_result","data":{"text/plain":"   meanfreq        sd    median       Q25       Q75       IQR       skew  \\\n0  0.059781  0.064241  0.032027  0.015071  0.090193  0.075122  12.863462   \n1  0.066009  0.067310  0.040229  0.019414  0.092666  0.073252  22.423285   \n2  0.077316  0.083829  0.036718  0.008701  0.131908  0.123207  30.757155   \n3  0.151228  0.072111  0.158011  0.096582  0.207955  0.111374   1.232831   \n4  0.135120  0.079146  0.124656  0.078720  0.206045  0.127325   1.101174   \n\n          kurt    sp.ent       sfm  ...  centroid   meanfun    minfun  \\\n0   274.402906  0.893369  0.491918  ...  0.059781  0.084279  0.015702   \n1   634.613855  0.892193  0.513724  ...  0.066009  0.107937  0.015826   \n2  1024.927705  0.846389  0.478905  ...  0.077316  0.098706  0.015656   \n3     4.177296  0.963322  0.727232  ...  0.151228  0.088965  0.017798   \n4     4.333713  0.971955  0.783568  ...  0.135120  0.106398  0.016931   \n\n     maxfun   meandom    mindom    maxdom   dfrange   modindx  label  \n0  0.275862  0.007812  0.007812  0.007812  0.000000  0.000000   male  \n1  0.250000  0.009014  0.007812  0.054688  0.046875  0.052632   male  \n2  0.271186  0.007990  0.007812  0.015625  0.007812  0.046512   male  \n3  0.250000  0.201497  0.007812  0.562500  0.554688  0.247119   male  \n4  0.266667  0.712812  0.007812  5.484375  5.476562  0.208274   male  \n\n[5 rows x 21 columns]","text/html":"<div>\n<style scoped>\n    .dataframe tbody tr th:only-of-type {\n        vertical-align: middle;\n    }\n\n    .dataframe tbody tr th {\n        vertical-align: top;\n    }\n\n    .dataframe thead th {\n        text-align: right;\n    }\n</style>\n<table border=\"1\" class=\"dataframe\">\n  <thead>\n    <tr style=\"text-align: right;\">\n      <th></th>\n      <th>meanfreq</th>\n      <th>sd</th>\n      <th>median</th>\n      <th>Q25</th>\n      <th>Q75</th>\n      <th>IQR</th>\n      <th>skew</th>\n      <th>kurt</th>\n      <th>sp.ent</th>\n      <th>sfm</th>\n      <th>...</th>\n      <th>centroid</th>\n      <th>meanfun</th>\n      <th>minfun</th>\n      <th>maxfun</th>\n      <th>meandom</th>\n      <th>mindom</th>\n      <th>maxdom</th>\n      <th>dfrange</th>\n      <th>modindx</th>\n      <th>label</th>\n    </tr>\n  </thead>\n  <tbody>\n    <tr>\n      <th>0</th>\n      <td>0.059781</td>\n      <td>0.064241</td>\n      <td>0.032027</td>\n      <td>0.015071</td>\n      <td>0.090193</td>\n      <td>0.075122</td>\n      <td>12.863462</td>\n      <td>274.402906</td>\n      <td>0.893369</td>\n      <td>0.491918</td>\n      <td>...</td>\n      <td>0.059781</td>\n      <td>0.084279</td>\n      <td>0.015702</td>\n      <td>0.275862</td>\n      <td>0.007812</td>\n      <td>0.007812</td>\n      <td>0.007812</td>\n      <td>0.000000</td>\n      <td>0.000000</td>\n      <td>male</td>\n    </tr>\n    <tr>\n      <th>1</th>\n      <td>0.066009</td>\n      <td>0.067310</td>\n      <td>0.040229</td>\n      <td>0.019414</td>\n      <td>0.092666</td>\n      <td>0.073252</td>\n      <td>22.423285</td>\n      <td>634.613855</td>\n      <td>0.892193</td>\n      <td>0.513724</td>\n      <td>...</td>\n      <td>0.066009</td>\n      <td>0.107937</td>\n      <td>0.015826</td>\n      <td>0.250000</td>\n      <td>0.009014</td>\n      <td>0.007812</td>\n      <td>0.054688</td>\n      <td>0.046875</td>\n      <td>0.052632</td>\n      <td>male</td>\n    </tr>\n    <tr>\n      <th>2</th>\n      <td>0.077316</td>\n      <td>0.083829</td>\n      <td>0.036718</td>\n      <td>0.008701</td>\n      <td>0.131908</td>\n      <td>0.123207</td>\n      <td>30.757155</td>\n      <td>1024.927705</td>\n      <td>0.846389</td>\n      <td>0.478905</td>\n      <td>...</td>\n      <td>0.077316</td>\n      <td>0.098706</td>\n      <td>0.015656</td>\n      <td>0.271186</td>\n      <td>0.007990</td>\n      <td>0.007812</td>\n      <td>0.015625</td>\n      <td>0.007812</td>\n      <td>0.046512</td>\n      <td>male</td>\n    </tr>\n    <tr>\n      <th>3</th>\n      <td>0.151228</td>\n      <td>0.072111</td>\n      <td>0.158011</td>\n      <td>0.096582</td>\n      <td>0.207955</td>\n      <td>0.111374</td>\n      <td>1.232831</td>\n      <td>4.177296</td>\n      <td>0.963322</td>\n      <td>0.727232</td>\n      <td>...</td>\n      <td>0.151228</td>\n      <td>0.088965</td>\n      <td>0.017798</td>\n      <td>0.250000</td>\n      <td>0.201497</td>\n      <td>0.007812</td>\n      <td>0.562500</td>\n      <td>0.554688</td>\n      <td>0.247119</td>\n      <td>male</td>\n    </tr>\n    <tr>\n      <th>4</th>\n      <td>0.135120</td>\n      <td>0.079146</td>\n      <td>0.124656</td>\n      <td>0.078720</td>\n      <td>0.206045</td>\n      <td>0.127325</td>\n      <td>1.101174</td>\n      <td>4.333713</td>\n      <td>0.971955</td>\n      <td>0.783568</td>\n      <td>...</td>\n      <td>0.135120</td>\n      <td>0.106398</td>\n      <td>0.016931</td>\n      <td>0.266667</td>\n      <td>0.712812</td>\n      <td>0.007812</td>\n      <td>5.484375</td>\n      <td>5.476562</td>\n      <td>0.208274</td>\n      <td>male</td>\n    </tr>\n  </tbody>\n</table>\n<p>5 rows × 21 columns</p>\n</div>"},"metadata":{}}]},{"cell_type":"code","source":"data.info()","metadata":{"execution":{"iopub.status.busy":"2024-06-25T07:22:43.252941Z","iopub.execute_input":"2024-06-25T07:22:43.253332Z","iopub.status.idle":"2024-06-25T07:22:43.277483Z","shell.execute_reply.started":"2024-06-25T07:22:43.253293Z","shell.execute_reply":"2024-06-25T07:22:43.276536Z"},"trusted":true},"execution_count":3,"outputs":[{"name":"stdout","text":"<class 'pandas.core.frame.DataFrame'>\nRangeIndex: 3168 entries, 0 to 3167\nData columns (total 21 columns):\n #   Column    Non-Null Count  Dtype  \n---  ------    --------------  -----  \n 0   meanfreq  3168 non-null   float64\n 1   sd        3168 non-null   float64\n 2   median    3168 non-null   float64\n 3   Q25       3168 non-null   float64\n 4   Q75       3168 non-null   float64\n 5   IQR       3168 non-null   float64\n 6   skew      3168 non-null   float64\n 7   kurt      3168 non-null   float64\n 8   sp.ent    3168 non-null   float64\n 9   sfm       3168 non-null   float64\n 10  mode      3168 non-null   float64\n 11  centroid  3168 non-null   float64\n 12  meanfun   3168 non-null   float64\n 13  minfun    3168 non-null   float64\n 14  maxfun    3168 non-null   float64\n 15  meandom   3168 non-null   float64\n 16  mindom    3168 non-null   float64\n 17  maxdom    3168 non-null   float64\n 18  dfrange   3168 non-null   float64\n 19  modindx   3168 non-null   float64\n 20  label     3168 non-null   object \ndtypes: float64(20), object(1)\nmemory usage: 519.9+ KB\n","output_type":"stream"}]},{"cell_type":"code","source":"data.columns","metadata":{"execution":{"iopub.status.busy":"2024-06-25T07:22:43.279812Z","iopub.execute_input":"2024-06-25T07:22:43.280076Z","iopub.status.idle":"2024-06-25T07:22:43.286422Z","shell.execute_reply.started":"2024-06-25T07:22:43.280052Z","shell.execute_reply":"2024-06-25T07:22:43.285339Z"},"trusted":true},"execution_count":4,"outputs":[{"execution_count":4,"output_type":"execute_result","data":{"text/plain":"Index(['meanfreq', 'sd', 'median', 'Q25', 'Q75', 'IQR', 'skew', 'kurt',\n       'sp.ent', 'sfm', 'mode', 'centroid', 'meanfun', 'minfun', 'maxfun',\n       'meandom', 'mindom', 'maxdom', 'dfrange', 'modindx', 'label'],\n      dtype='object')"},"metadata":{}}]},{"cell_type":"code","source":"data.describe()","metadata":{"execution":{"iopub.status.busy":"2024-06-25T07:22:43.287584Z","iopub.execute_input":"2024-06-25T07:22:43.287880Z","iopub.status.idle":"2024-06-25T07:22:43.361841Z","shell.execute_reply.started":"2024-06-25T07:22:43.287845Z","shell.execute_reply":"2024-06-25T07:22:43.361021Z"},"trusted":true},"execution_count":5,"outputs":[{"execution_count":5,"output_type":"execute_result","data":{"text/plain":"          meanfreq           sd       median          Q25          Q75  \\\ncount  3168.000000  3168.000000  3168.000000  3168.000000  3168.000000   \nmean      0.180907     0.057126     0.185621     0.140456     0.224765   \nstd       0.029918     0.016652     0.036360     0.048680     0.023639   \nmin       0.039363     0.018363     0.010975     0.000229     0.042946   \n25%       0.163662     0.041954     0.169593     0.111087     0.208747   \n50%       0.184838     0.059155     0.190032     0.140286     0.225684   \n75%       0.199146     0.067020     0.210618     0.175939     0.243660   \nmax       0.251124     0.115273     0.261224     0.247347     0.273469   \n\n               IQR         skew         kurt       sp.ent          sfm  \\\ncount  3168.000000  3168.000000  3168.000000  3168.000000  3168.000000   \nmean      0.084309     3.140168    36.568461     0.895127     0.408216   \nstd       0.042783     4.240529   134.928661     0.044980     0.177521   \nmin       0.014558     0.141735     2.068455     0.738651     0.036876   \n25%       0.042560     1.649569     5.669547     0.861811     0.258041   \n50%       0.094280     2.197101     8.318463     0.901767     0.396335   \n75%       0.114175     2.931694    13.648905     0.928713     0.533676   \nmax       0.252225    34.725453  1309.612887     0.981997     0.842936   \n\n              mode     centroid      meanfun       minfun       maxfun  \\\ncount  3168.000000  3168.000000  3168.000000  3168.000000  3168.000000   \nmean      0.165282     0.180907     0.142807     0.036802     0.258842   \nstd       0.077203     0.029918     0.032304     0.019220     0.030077   \nmin       0.000000     0.039363     0.055565     0.009775     0.103093   \n25%       0.118016     0.163662     0.116998     0.018223     0.253968   \n50%       0.186599     0.184838     0.140519     0.046110     0.271186   \n75%       0.221104     0.199146     0.169581     0.047904     0.277457   \nmax       0.280000     0.251124     0.237636     0.204082     0.279114   \n\n           meandom       mindom       maxdom      dfrange      modindx  \ncount  3168.000000  3168.000000  3168.000000  3168.000000  3168.000000  \nmean      0.829211     0.052647     5.047277     4.994630     0.173752  \nstd       0.525205     0.063299     3.521157     3.520039     0.119454  \nmin       0.007812     0.004883     0.007812     0.000000     0.000000  \n25%       0.419828     0.007812     2.070312     2.044922     0.099766  \n50%       0.765795     0.023438     4.992188     4.945312     0.139357  \n75%       1.177166     0.070312     7.007812     6.992188     0.209183  \nmax       2.957682     0.458984    21.867188    21.843750     0.932374  ","text/html":"<div>\n<style scoped>\n    .dataframe tbody tr th:only-of-type {\n        vertical-align: middle;\n    }\n\n    .dataframe tbody tr th {\n        vertical-align: top;\n    }\n\n    .dataframe thead th {\n        text-align: right;\n    }\n</style>\n<table border=\"1\" class=\"dataframe\">\n  <thead>\n    <tr style=\"text-align: right;\">\n      <th></th>\n      <th>meanfreq</th>\n      <th>sd</th>\n      <th>median</th>\n      <th>Q25</th>\n      <th>Q75</th>\n      <th>IQR</th>\n      <th>skew</th>\n      <th>kurt</th>\n      <th>sp.ent</th>\n      <th>sfm</th>\n      <th>mode</th>\n      <th>centroid</th>\n      <th>meanfun</th>\n      <th>minfun</th>\n      <th>maxfun</th>\n      <th>meandom</th>\n      <th>mindom</th>\n      <th>maxdom</th>\n      <th>dfrange</th>\n      <th>modindx</th>\n    </tr>\n  </thead>\n  <tbody>\n    <tr>\n      <th>count</th>\n      <td>3168.000000</td>\n      <td>3168.000000</td>\n      <td>3168.000000</td>\n      <td>3168.000000</td>\n      <td>3168.000000</td>\n      <td>3168.000000</td>\n      <td>3168.000000</td>\n      <td>3168.000000</td>\n      <td>3168.000000</td>\n      <td>3168.000000</td>\n      <td>3168.000000</td>\n      <td>3168.000000</td>\n      <td>3168.000000</td>\n      <td>3168.000000</td>\n      <td>3168.000000</td>\n      <td>3168.000000</td>\n      <td>3168.000000</td>\n      <td>3168.000000</td>\n      <td>3168.000000</td>\n      <td>3168.000000</td>\n    </tr>\n    <tr>\n      <th>mean</th>\n      <td>0.180907</td>\n      <td>0.057126</td>\n      <td>0.185621</td>\n      <td>0.140456</td>\n      <td>0.224765</td>\n      <td>0.084309</td>\n      <td>3.140168</td>\n      <td>36.568461</td>\n      <td>0.895127</td>\n      <td>0.408216</td>\n      <td>0.165282</td>\n      <td>0.180907</td>\n      <td>0.142807</td>\n      <td>0.036802</td>\n      <td>0.258842</td>\n      <td>0.829211</td>\n      <td>0.052647</td>\n      <td>5.047277</td>\n      <td>4.994630</td>\n      <td>0.173752</td>\n    </tr>\n    <tr>\n      <th>std</th>\n      <td>0.029918</td>\n      <td>0.016652</td>\n      <td>0.036360</td>\n      <td>0.048680</td>\n      <td>0.023639</td>\n      <td>0.042783</td>\n      <td>4.240529</td>\n      <td>134.928661</td>\n      <td>0.044980</td>\n      <td>0.177521</td>\n      <td>0.077203</td>\n      <td>0.029918</td>\n      <td>0.032304</td>\n      <td>0.019220</td>\n      <td>0.030077</td>\n      <td>0.525205</td>\n      <td>0.063299</td>\n      <td>3.521157</td>\n      <td>3.520039</td>\n      <td>0.119454</td>\n    </tr>\n    <tr>\n      <th>min</th>\n      <td>0.039363</td>\n      <td>0.018363</td>\n      <td>0.010975</td>\n      <td>0.000229</td>\n      <td>0.042946</td>\n      <td>0.014558</td>\n      <td>0.141735</td>\n      <td>2.068455</td>\n      <td>0.738651</td>\n      <td>0.036876</td>\n      <td>0.000000</td>\n      <td>0.039363</td>\n      <td>0.055565</td>\n      <td>0.009775</td>\n      <td>0.103093</td>\n      <td>0.007812</td>\n      <td>0.004883</td>\n      <td>0.007812</td>\n      <td>0.000000</td>\n      <td>0.000000</td>\n    </tr>\n    <tr>\n      <th>25%</th>\n      <td>0.163662</td>\n      <td>0.041954</td>\n      <td>0.169593</td>\n      <td>0.111087</td>\n      <td>0.208747</td>\n      <td>0.042560</td>\n      <td>1.649569</td>\n      <td>5.669547</td>\n      <td>0.861811</td>\n      <td>0.258041</td>\n      <td>0.118016</td>\n      <td>0.163662</td>\n      <td>0.116998</td>\n      <td>0.018223</td>\n      <td>0.253968</td>\n      <td>0.419828</td>\n      <td>0.007812</td>\n      <td>2.070312</td>\n      <td>2.044922</td>\n      <td>0.099766</td>\n    </tr>\n    <tr>\n      <th>50%</th>\n      <td>0.184838</td>\n      <td>0.059155</td>\n      <td>0.190032</td>\n      <td>0.140286</td>\n      <td>0.225684</td>\n      <td>0.094280</td>\n      <td>2.197101</td>\n      <td>8.318463</td>\n      <td>0.901767</td>\n      <td>0.396335</td>\n      <td>0.186599</td>\n      <td>0.184838</td>\n      <td>0.140519</td>\n      <td>0.046110</td>\n      <td>0.271186</td>\n      <td>0.765795</td>\n      <td>0.023438</td>\n      <td>4.992188</td>\n      <td>4.945312</td>\n      <td>0.139357</td>\n    </tr>\n    <tr>\n      <th>75%</th>\n      <td>0.199146</td>\n      <td>0.067020</td>\n      <td>0.210618</td>\n      <td>0.175939</td>\n      <td>0.243660</td>\n      <td>0.114175</td>\n      <td>2.931694</td>\n      <td>13.648905</td>\n      <td>0.928713</td>\n      <td>0.533676</td>\n      <td>0.221104</td>\n      <td>0.199146</td>\n      <td>0.169581</td>\n      <td>0.047904</td>\n      <td>0.277457</td>\n      <td>1.177166</td>\n      <td>0.070312</td>\n      <td>7.007812</td>\n      <td>6.992188</td>\n      <td>0.209183</td>\n    </tr>\n    <tr>\n      <th>max</th>\n      <td>0.251124</td>\n      <td>0.115273</td>\n      <td>0.261224</td>\n      <td>0.247347</td>\n      <td>0.273469</td>\n      <td>0.252225</td>\n      <td>34.725453</td>\n      <td>1309.612887</td>\n      <td>0.981997</td>\n      <td>0.842936</td>\n      <td>0.280000</td>\n      <td>0.251124</td>\n      <td>0.237636</td>\n      <td>0.204082</td>\n      <td>0.279114</td>\n      <td>2.957682</td>\n      <td>0.458984</td>\n      <td>21.867188</td>\n      <td>21.843750</td>\n      <td>0.932374</td>\n    </tr>\n  </tbody>\n</table>\n</div>"},"metadata":{}}]},{"cell_type":"code","source":"print(data.isnull().sum())","metadata":{"execution":{"iopub.status.busy":"2024-06-25T07:22:43.363013Z","iopub.execute_input":"2024-06-25T07:22:43.363332Z","iopub.status.idle":"2024-06-25T07:22:43.370038Z","shell.execute_reply.started":"2024-06-25T07:22:43.363306Z","shell.execute_reply":"2024-06-25T07:22:43.368938Z"},"trusted":true},"execution_count":6,"outputs":[{"name":"stdout","text":"meanfreq    0\nsd          0\nmedian      0\nQ25         0\nQ75         0\nIQR         0\nskew        0\nkurt        0\nsp.ent      0\nsfm         0\nmode        0\ncentroid    0\nmeanfun     0\nminfun      0\nmaxfun      0\nmeandom     0\nmindom      0\nmaxdom      0\ndfrange     0\nmodindx     0\nlabel       0\ndtype: int64\n","output_type":"stream"}]},{"cell_type":"code","source":"x = data.drop('label', axis = 1)","metadata":{"execution":{"iopub.status.busy":"2024-06-25T07:22:43.371186Z","iopub.execute_input":"2024-06-25T07:22:43.371464Z","iopub.status.idle":"2024-06-25T07:22:43.378404Z","shell.execute_reply.started":"2024-06-25T07:22:43.371440Z","shell.execute_reply":"2024-06-25T07:22:43.377243Z"},"trusted":true},"execution_count":7,"outputs":[]},{"cell_type":"code","source":"x.corr()","metadata":{"execution":{"iopub.status.busy":"2024-06-25T07:22:43.379870Z","iopub.execute_input":"2024-06-25T07:22:43.380201Z","iopub.status.idle":"2024-06-25T07:22:43.424736Z","shell.execute_reply.started":"2024-06-25T07:22:43.380174Z","shell.execute_reply":"2024-06-25T07:22:43.423894Z"},"trusted":true},"execution_count":8,"outputs":[{"execution_count":8,"output_type":"execute_result","data":{"text/plain":"          meanfreq        sd    median       Q25       Q75       IQR  \\\nmeanfreq  1.000000 -0.739039  0.925445  0.911416  0.740997 -0.627605   \nsd       -0.739039  1.000000 -0.562603 -0.846931 -0.161076  0.874660   \nmedian    0.925445 -0.562603  1.000000  0.774922  0.731849 -0.477352   \nQ25       0.911416 -0.846931  0.774922  1.000000  0.477140 -0.874189   \nQ75       0.740997 -0.161076  0.731849  0.477140  1.000000  0.009636   \nIQR      -0.627605  0.874660 -0.477352 -0.874189  0.009636  1.000000   \nskew     -0.322327  0.314597 -0.257407 -0.319475 -0.206339  0.249497   \nkurt     -0.316036  0.346241 -0.243382 -0.350182 -0.148881  0.316185   \nsp.ent   -0.601203  0.716620 -0.502005 -0.648126 -0.174905  0.640813   \nsfm      -0.784332  0.838086 -0.661690 -0.766875 -0.378198  0.663601   \nmode      0.687715 -0.529150  0.677433  0.591277  0.486857 -0.403764   \ncentroid  1.000000 -0.739039  0.925445  0.911416  0.740997 -0.627605   \nmeanfun   0.460844 -0.466281  0.414909  0.545035  0.155091 -0.534462   \nminfun    0.383937 -0.345609  0.337602  0.320994  0.258002 -0.222680   \nmaxfun    0.274004 -0.129662  0.251328  0.199841  0.285584 -0.069588   \nmeandom   0.536666 -0.482726  0.455943  0.467403  0.359181 -0.333362   \nmindom    0.229261 -0.357667  0.191169  0.302255 -0.023750 -0.357037   \nmaxdom    0.519528 -0.482278  0.438919  0.459683  0.335114 -0.337877   \ndfrange   0.515570 -0.475999  0.435621  0.454394  0.335648 -0.331563   \nmodindx  -0.216979  0.122660 -0.213298 -0.141377 -0.216475  0.041252   \n\n              skew      kurt    sp.ent       sfm      mode  centroid  \\\nmeanfreq -0.322327 -0.316036 -0.601203 -0.784332  0.687715  1.000000   \nsd        0.314597  0.346241  0.716620  0.838086 -0.529150 -0.739039   \nmedian   -0.257407 -0.243382 -0.502005 -0.661690  0.677433  0.925445   \nQ25      -0.319475 -0.350182 -0.648126 -0.766875  0.591277  0.911416   \nQ75      -0.206339 -0.148881 -0.174905 -0.378198  0.486857  0.740997   \nIQR       0.249497  0.316185  0.640813  0.663601 -0.403764 -0.627605   \nskew      1.000000  0.977020 -0.195459  0.079694 -0.434859 -0.322327   \nkurt      0.977020  1.000000 -0.127644  0.109884 -0.406722 -0.316036   \nsp.ent   -0.195459 -0.127644  1.000000  0.866411 -0.325298 -0.601203   \nsfm       0.079694  0.109884  0.866411  1.000000 -0.485913 -0.784332   \nmode     -0.434859 -0.406722 -0.325298 -0.485913  1.000000  0.687715   \ncentroid -0.322327 -0.316036 -0.601203 -0.784332  0.687715  1.000000   \nmeanfun  -0.167668 -0.194560 -0.513194 -0.421066  0.324771  0.460844   \nminfun   -0.216954 -0.203201 -0.305826 -0.362100  0.385467  0.383937   \nmaxfun   -0.080861 -0.045667 -0.120738 -0.192369  0.172329  0.274004   \nmeandom  -0.336848 -0.303234 -0.293562 -0.428442  0.491479  0.536666   \nmindom   -0.061608 -0.103313 -0.294869 -0.289593  0.198150  0.229261   \nmaxdom   -0.305651 -0.274500 -0.324253 -0.436649  0.477187  0.519528   \ndfrange  -0.304640 -0.272729 -0.319054 -0.431580  0.473775  0.515570   \nmodindx  -0.169325 -0.205539  0.198074  0.211477 -0.182344 -0.216979   \n\n           meanfun    minfun    maxfun   meandom    mindom    maxdom  \\\nmeanfreq  0.460844  0.383937  0.274004  0.536666  0.229261  0.519528   \nsd       -0.466281 -0.345609 -0.129662 -0.482726 -0.357667 -0.482278   \nmedian    0.414909  0.337602  0.251328  0.455943  0.191169  0.438919   \nQ25       0.545035  0.320994  0.199841  0.467403  0.302255  0.459683   \nQ75       0.155091  0.258002  0.285584  0.359181 -0.023750  0.335114   \nIQR      -0.534462 -0.222680 -0.069588 -0.333362 -0.357037 -0.337877   \nskew     -0.167668 -0.216954 -0.080861 -0.336848 -0.061608 -0.305651   \nkurt     -0.194560 -0.203201 -0.045667 -0.303234 -0.103313 -0.274500   \nsp.ent   -0.513194 -0.305826 -0.120738 -0.293562 -0.294869 -0.324253   \nsfm      -0.421066 -0.362100 -0.192369 -0.428442 -0.289593 -0.436649   \nmode      0.324771  0.385467  0.172329  0.491479  0.198150  0.477187   \ncentroid  0.460844  0.383937  0.274004  0.536666  0.229261  0.519528   \nmeanfun   1.000000  0.339387  0.311950  0.270840  0.162163  0.277982   \nminfun    0.339387  1.000000  0.213987  0.375979  0.082015  0.317860   \nmaxfun    0.311950  0.213987  1.000000  0.337553 -0.243426  0.355390   \nmeandom   0.270840  0.375979  0.337553  1.000000  0.099656  0.812838   \nmindom    0.162163  0.082015 -0.243426  0.099656  1.000000  0.026640   \nmaxdom    0.277982  0.317860  0.355390  0.812838  0.026640  1.000000   \ndfrange   0.275154  0.316486  0.359880  0.811304  0.008666  0.999838   \nmodindx  -0.054858  0.002042 -0.363029 -0.180954  0.200212 -0.425531   \n\n           dfrange   modindx  \nmeanfreq  0.515570 -0.216979  \nsd       -0.475999  0.122660  \nmedian    0.435621 -0.213298  \nQ25       0.454394 -0.141377  \nQ75       0.335648 -0.216475  \nIQR      -0.331563  0.041252  \nskew     -0.304640 -0.169325  \nkurt     -0.272729 -0.205539  \nsp.ent   -0.319054  0.198074  \nsfm      -0.431580  0.211477  \nmode      0.473775 -0.182344  \ncentroid  0.515570 -0.216979  \nmeanfun   0.275154 -0.054858  \nminfun    0.316486  0.002042  \nmaxfun    0.359880 -0.363029  \nmeandom   0.811304 -0.180954  \nmindom    0.008666  0.200212  \nmaxdom    0.999838 -0.425531  \ndfrange   1.000000 -0.429266  \nmodindx  -0.429266  1.000000  ","text/html":"<div>\n<style scoped>\n    .dataframe tbody tr th:only-of-type {\n        vertical-align: middle;\n    }\n\n    .dataframe tbody tr th {\n        vertical-align: top;\n    }\n\n    .dataframe thead th {\n        text-align: right;\n    }\n</style>\n<table border=\"1\" class=\"dataframe\">\n  <thead>\n    <tr style=\"text-align: right;\">\n      <th></th>\n      <th>meanfreq</th>\n      <th>sd</th>\n      <th>median</th>\n      <th>Q25</th>\n      <th>Q75</th>\n      <th>IQR</th>\n      <th>skew</th>\n      <th>kurt</th>\n      <th>sp.ent</th>\n      <th>sfm</th>\n      <th>mode</th>\n      <th>centroid</th>\n      <th>meanfun</th>\n      <th>minfun</th>\n      <th>maxfun</th>\n      <th>meandom</th>\n      <th>mindom</th>\n      <th>maxdom</th>\n      <th>dfrange</th>\n      <th>modindx</th>\n    </tr>\n  </thead>\n  <tbody>\n    <tr>\n      <th>meanfreq</th>\n      <td>1.000000</td>\n      <td>-0.739039</td>\n      <td>0.925445</td>\n      <td>0.911416</td>\n      <td>0.740997</td>\n      <td>-0.627605</td>\n      <td>-0.322327</td>\n      <td>-0.316036</td>\n      <td>-0.601203</td>\n      <td>-0.784332</td>\n      <td>0.687715</td>\n      <td>1.000000</td>\n      <td>0.460844</td>\n      <td>0.383937</td>\n      <td>0.274004</td>\n      <td>0.536666</td>\n      <td>0.229261</td>\n      <td>0.519528</td>\n      <td>0.515570</td>\n      <td>-0.216979</td>\n    </tr>\n    <tr>\n      <th>sd</th>\n      <td>-0.739039</td>\n      <td>1.000000</td>\n      <td>-0.562603</td>\n      <td>-0.846931</td>\n      <td>-0.161076</td>\n      <td>0.874660</td>\n      <td>0.314597</td>\n      <td>0.346241</td>\n      <td>0.716620</td>\n      <td>0.838086</td>\n      <td>-0.529150</td>\n      <td>-0.739039</td>\n      <td>-0.466281</td>\n      <td>-0.345609</td>\n      <td>-0.129662</td>\n      <td>-0.482726</td>\n      <td>-0.357667</td>\n      <td>-0.482278</td>\n      <td>-0.475999</td>\n      <td>0.122660</td>\n    </tr>\n    <tr>\n      <th>median</th>\n      <td>0.925445</td>\n      <td>-0.562603</td>\n      <td>1.000000</td>\n      <td>0.774922</td>\n      <td>0.731849</td>\n      <td>-0.477352</td>\n      <td>-0.257407</td>\n      <td>-0.243382</td>\n      <td>-0.502005</td>\n      <td>-0.661690</td>\n      <td>0.677433</td>\n      <td>0.925445</td>\n      <td>0.414909</td>\n      <td>0.337602</td>\n      <td>0.251328</td>\n      <td>0.455943</td>\n      <td>0.191169</td>\n      <td>0.438919</td>\n      <td>0.435621</td>\n      <td>-0.213298</td>\n    </tr>\n    <tr>\n      <th>Q25</th>\n      <td>0.911416</td>\n      <td>-0.846931</td>\n      <td>0.774922</td>\n      <td>1.000000</td>\n      <td>0.477140</td>\n      <td>-0.874189</td>\n      <td>-0.319475</td>\n      <td>-0.350182</td>\n      <td>-0.648126</td>\n      <td>-0.766875</td>\n      <td>0.591277</td>\n      <td>0.911416</td>\n      <td>0.545035</td>\n      <td>0.320994</td>\n      <td>0.199841</td>\n      <td>0.467403</td>\n      <td>0.302255</td>\n      <td>0.459683</td>\n      <td>0.454394</td>\n      <td>-0.141377</td>\n    </tr>\n    <tr>\n      <th>Q75</th>\n      <td>0.740997</td>\n      <td>-0.161076</td>\n      <td>0.731849</td>\n      <td>0.477140</td>\n      <td>1.000000</td>\n      <td>0.009636</td>\n      <td>-0.206339</td>\n      <td>-0.148881</td>\n      <td>-0.174905</td>\n      <td>-0.378198</td>\n      <td>0.486857</td>\n      <td>0.740997</td>\n      <td>0.155091</td>\n      <td>0.258002</td>\n      <td>0.285584</td>\n      <td>0.359181</td>\n      <td>-0.023750</td>\n      <td>0.335114</td>\n      <td>0.335648</td>\n      <td>-0.216475</td>\n    </tr>\n    <tr>\n      <th>IQR</th>\n      <td>-0.627605</td>\n      <td>0.874660</td>\n      <td>-0.477352</td>\n      <td>-0.874189</td>\n      <td>0.009636</td>\n      <td>1.000000</td>\n      <td>0.249497</td>\n      <td>0.316185</td>\n      <td>0.640813</td>\n      <td>0.663601</td>\n      <td>-0.403764</td>\n      <td>-0.627605</td>\n      <td>-0.534462</td>\n      <td>-0.222680</td>\n      <td>-0.069588</td>\n      <td>-0.333362</td>\n      <td>-0.357037</td>\n      <td>-0.337877</td>\n      <td>-0.331563</td>\n      <td>0.041252</td>\n    </tr>\n    <tr>\n      <th>skew</th>\n      <td>-0.322327</td>\n      <td>0.314597</td>\n      <td>-0.257407</td>\n      <td>-0.319475</td>\n      <td>-0.206339</td>\n      <td>0.249497</td>\n      <td>1.000000</td>\n      <td>0.977020</td>\n      <td>-0.195459</td>\n      <td>0.079694</td>\n      <td>-0.434859</td>\n      <td>-0.322327</td>\n      <td>-0.167668</td>\n      <td>-0.216954</td>\n      <td>-0.080861</td>\n      <td>-0.336848</td>\n      <td>-0.061608</td>\n      <td>-0.305651</td>\n      <td>-0.304640</td>\n      <td>-0.169325</td>\n    </tr>\n    <tr>\n      <th>kurt</th>\n      <td>-0.316036</td>\n      <td>0.346241</td>\n      <td>-0.243382</td>\n      <td>-0.350182</td>\n      <td>-0.148881</td>\n      <td>0.316185</td>\n      <td>0.977020</td>\n      <td>1.000000</td>\n      <td>-0.127644</td>\n      <td>0.109884</td>\n      <td>-0.406722</td>\n      <td>-0.316036</td>\n      <td>-0.194560</td>\n      <td>-0.203201</td>\n      <td>-0.045667</td>\n      <td>-0.303234</td>\n      <td>-0.103313</td>\n      <td>-0.274500</td>\n      <td>-0.272729</td>\n      <td>-0.205539</td>\n    </tr>\n    <tr>\n      <th>sp.ent</th>\n      <td>-0.601203</td>\n      <td>0.716620</td>\n      <td>-0.502005</td>\n      <td>-0.648126</td>\n      <td>-0.174905</td>\n      <td>0.640813</td>\n      <td>-0.195459</td>\n      <td>-0.127644</td>\n      <td>1.000000</td>\n      <td>0.866411</td>\n      <td>-0.325298</td>\n      <td>-0.601203</td>\n      <td>-0.513194</td>\n      <td>-0.305826</td>\n      <td>-0.120738</td>\n      <td>-0.293562</td>\n      <td>-0.294869</td>\n      <td>-0.324253</td>\n      <td>-0.319054</td>\n      <td>0.198074</td>\n    </tr>\n    <tr>\n      <th>sfm</th>\n      <td>-0.784332</td>\n      <td>0.838086</td>\n      <td>-0.661690</td>\n      <td>-0.766875</td>\n      <td>-0.378198</td>\n      <td>0.663601</td>\n      <td>0.079694</td>\n      <td>0.109884</td>\n      <td>0.866411</td>\n      <td>1.000000</td>\n      <td>-0.485913</td>\n      <td>-0.784332</td>\n      <td>-0.421066</td>\n      <td>-0.362100</td>\n      <td>-0.192369</td>\n      <td>-0.428442</td>\n      <td>-0.289593</td>\n      <td>-0.436649</td>\n      <td>-0.431580</td>\n      <td>0.211477</td>\n    </tr>\n    <tr>\n      <th>mode</th>\n      <td>0.687715</td>\n      <td>-0.529150</td>\n      <td>0.677433</td>\n      <td>0.591277</td>\n      <td>0.486857</td>\n      <td>-0.403764</td>\n      <td>-0.434859</td>\n      <td>-0.406722</td>\n      <td>-0.325298</td>\n      <td>-0.485913</td>\n      <td>1.000000</td>\n      <td>0.687715</td>\n      <td>0.324771</td>\n      <td>0.385467</td>\n      <td>0.172329</td>\n      <td>0.491479</td>\n      <td>0.198150</td>\n      <td>0.477187</td>\n      <td>0.473775</td>\n      <td>-0.182344</td>\n    </tr>\n    <tr>\n      <th>centroid</th>\n      <td>1.000000</td>\n      <td>-0.739039</td>\n      <td>0.925445</td>\n      <td>0.911416</td>\n      <td>0.740997</td>\n      <td>-0.627605</td>\n      <td>-0.322327</td>\n      <td>-0.316036</td>\n      <td>-0.601203</td>\n      <td>-0.784332</td>\n      <td>0.687715</td>\n      <td>1.000000</td>\n      <td>0.460844</td>\n      <td>0.383937</td>\n      <td>0.274004</td>\n      <td>0.536666</td>\n      <td>0.229261</td>\n      <td>0.519528</td>\n      <td>0.515570</td>\n      <td>-0.216979</td>\n    </tr>\n    <tr>\n      <th>meanfun</th>\n      <td>0.460844</td>\n      <td>-0.466281</td>\n      <td>0.414909</td>\n      <td>0.545035</td>\n      <td>0.155091</td>\n      <td>-0.534462</td>\n      <td>-0.167668</td>\n      <td>-0.194560</td>\n      <td>-0.513194</td>\n      <td>-0.421066</td>\n      <td>0.324771</td>\n      <td>0.460844</td>\n      <td>1.000000</td>\n      <td>0.339387</td>\n      <td>0.311950</td>\n      <td>0.270840</td>\n      <td>0.162163</td>\n      <td>0.277982</td>\n      <td>0.275154</td>\n      <td>-0.054858</td>\n    </tr>\n    <tr>\n      <th>minfun</th>\n      <td>0.383937</td>\n      <td>-0.345609</td>\n      <td>0.337602</td>\n      <td>0.320994</td>\n      <td>0.258002</td>\n      <td>-0.222680</td>\n      <td>-0.216954</td>\n      <td>-0.203201</td>\n      <td>-0.305826</td>\n      <td>-0.362100</td>\n      <td>0.385467</td>\n      <td>0.383937</td>\n      <td>0.339387</td>\n      <td>1.000000</td>\n      <td>0.213987</td>\n      <td>0.375979</td>\n      <td>0.082015</td>\n      <td>0.317860</td>\n      <td>0.316486</td>\n      <td>0.002042</td>\n    </tr>\n    <tr>\n      <th>maxfun</th>\n      <td>0.274004</td>\n      <td>-0.129662</td>\n      <td>0.251328</td>\n      <td>0.199841</td>\n      <td>0.285584</td>\n      <td>-0.069588</td>\n      <td>-0.080861</td>\n      <td>-0.045667</td>\n      <td>-0.120738</td>\n      <td>-0.192369</td>\n      <td>0.172329</td>\n      <td>0.274004</td>\n      <td>0.311950</td>\n      <td>0.213987</td>\n      <td>1.000000</td>\n      <td>0.337553</td>\n      <td>-0.243426</td>\n      <td>0.355390</td>\n      <td>0.359880</td>\n      <td>-0.363029</td>\n    </tr>\n    <tr>\n      <th>meandom</th>\n      <td>0.536666</td>\n      <td>-0.482726</td>\n      <td>0.455943</td>\n      <td>0.467403</td>\n      <td>0.359181</td>\n      <td>-0.333362</td>\n      <td>-0.336848</td>\n      <td>-0.303234</td>\n      <td>-0.293562</td>\n      <td>-0.428442</td>\n      <td>0.491479</td>\n      <td>0.536666</td>\n      <td>0.270840</td>\n      <td>0.375979</td>\n      <td>0.337553</td>\n      <td>1.000000</td>\n      <td>0.099656</td>\n      <td>0.812838</td>\n      <td>0.811304</td>\n      <td>-0.180954</td>\n    </tr>\n    <tr>\n      <th>mindom</th>\n      <td>0.229261</td>\n      <td>-0.357667</td>\n      <td>0.191169</td>\n      <td>0.302255</td>\n      <td>-0.023750</td>\n      <td>-0.357037</td>\n      <td>-0.061608</td>\n      <td>-0.103313</td>\n      <td>-0.294869</td>\n      <td>-0.289593</td>\n      <td>0.198150</td>\n      <td>0.229261</td>\n      <td>0.162163</td>\n      <td>0.082015</td>\n      <td>-0.243426</td>\n      <td>0.099656</td>\n      <td>1.000000</td>\n      <td>0.026640</td>\n      <td>0.008666</td>\n      <td>0.200212</td>\n    </tr>\n    <tr>\n      <th>maxdom</th>\n      <td>0.519528</td>\n      <td>-0.482278</td>\n      <td>0.438919</td>\n      <td>0.459683</td>\n      <td>0.335114</td>\n      <td>-0.337877</td>\n      <td>-0.305651</td>\n      <td>-0.274500</td>\n      <td>-0.324253</td>\n      <td>-0.436649</td>\n      <td>0.477187</td>\n      <td>0.519528</td>\n      <td>0.277982</td>\n      <td>0.317860</td>\n      <td>0.355390</td>\n      <td>0.812838</td>\n      <td>0.026640</td>\n      <td>1.000000</td>\n      <td>0.999838</td>\n      <td>-0.425531</td>\n    </tr>\n    <tr>\n      <th>dfrange</th>\n      <td>0.515570</td>\n      <td>-0.475999</td>\n      <td>0.435621</td>\n      <td>0.454394</td>\n      <td>0.335648</td>\n      <td>-0.331563</td>\n      <td>-0.304640</td>\n      <td>-0.272729</td>\n      <td>-0.319054</td>\n      <td>-0.431580</td>\n      <td>0.473775</td>\n      <td>0.515570</td>\n      <td>0.275154</td>\n      <td>0.316486</td>\n      <td>0.359880</td>\n      <td>0.811304</td>\n      <td>0.008666</td>\n      <td>0.999838</td>\n      <td>1.000000</td>\n      <td>-0.429266</td>\n    </tr>\n    <tr>\n      <th>modindx</th>\n      <td>-0.216979</td>\n      <td>0.122660</td>\n      <td>-0.213298</td>\n      <td>-0.141377</td>\n      <td>-0.216475</td>\n      <td>0.041252</td>\n      <td>-0.169325</td>\n      <td>-0.205539</td>\n      <td>0.198074</td>\n      <td>0.211477</td>\n      <td>-0.182344</td>\n      <td>-0.216979</td>\n      <td>-0.054858</td>\n      <td>0.002042</td>\n      <td>-0.363029</td>\n      <td>-0.180954</td>\n      <td>0.200212</td>\n      <td>-0.425531</td>\n      <td>-0.429266</td>\n      <td>1.000000</td>\n    </tr>\n  </tbody>\n</table>\n</div>"},"metadata":{}}]},{"cell_type":"code","source":"data.label = [1 if each == \"male\" else 0 for each in data.label]","metadata":{"execution":{"iopub.status.busy":"2024-06-25T07:22:43.425809Z","iopub.execute_input":"2024-06-25T07:22:43.426155Z","iopub.status.idle":"2024-06-25T07:22:43.433131Z","shell.execute_reply.started":"2024-06-25T07:22:43.426124Z","shell.execute_reply":"2024-06-25T07:22:43.432092Z"},"trusted":true},"execution_count":9,"outputs":[]},{"cell_type":"code","source":"data.corr()","metadata":{"execution":{"iopub.status.busy":"2024-06-25T07:22:43.438233Z","iopub.execute_input":"2024-06-25T07:22:43.438510Z","iopub.status.idle":"2024-06-25T07:22:43.479837Z","shell.execute_reply.started":"2024-06-25T07:22:43.438486Z","shell.execute_reply":"2024-06-25T07:22:43.478784Z"},"trusted":true},"execution_count":10,"outputs":[{"execution_count":10,"output_type":"execute_result","data":{"text/plain":"          meanfreq        sd    median       Q25       Q75       IQR  \\\nmeanfreq  1.000000 -0.739039  0.925445  0.911416  0.740997 -0.627605   \nsd       -0.739039  1.000000 -0.562603 -0.846931 -0.161076  0.874660   \nmedian    0.925445 -0.562603  1.000000  0.774922  0.731849 -0.477352   \nQ25       0.911416 -0.846931  0.774922  1.000000  0.477140 -0.874189   \nQ75       0.740997 -0.161076  0.731849  0.477140  1.000000  0.009636   \nIQR      -0.627605  0.874660 -0.477352 -0.874189  0.009636  1.000000   \nskew     -0.322327  0.314597 -0.257407 -0.319475 -0.206339  0.249497   \nkurt     -0.316036  0.346241 -0.243382 -0.350182 -0.148881  0.316185   \nsp.ent   -0.601203  0.716620 -0.502005 -0.648126 -0.174905  0.640813   \nsfm      -0.784332  0.838086 -0.661690 -0.766875 -0.378198  0.663601   \nmode      0.687715 -0.529150  0.677433  0.591277  0.486857 -0.403764   \ncentroid  1.000000 -0.739039  0.925445  0.911416  0.740997 -0.627605   \nmeanfun   0.460844 -0.466281  0.414909  0.545035  0.155091 -0.534462   \nminfun    0.383937 -0.345609  0.337602  0.320994  0.258002 -0.222680   \nmaxfun    0.274004 -0.129662  0.251328  0.199841  0.285584 -0.069588   \nmeandom   0.536666 -0.482726  0.455943  0.467403  0.359181 -0.333362   \nmindom    0.229261 -0.357667  0.191169  0.302255 -0.023750 -0.357037   \nmaxdom    0.519528 -0.482278  0.438919  0.459683  0.335114 -0.337877   \ndfrange   0.515570 -0.475999  0.435621  0.454394  